             n=   4      R=0.350
     z           T          div F      
 0.000E+0000 8.000E+0003 2.922E+0003
 1.696E-0002 8.000E+0003 2.922E+0003
 3.390E-0002 8.000E+0003 2.923E+0003
 5.081E-0002 8.000E+0003 2.924E+0003
 6.767E-0002 8.000E+0003 2.925E+0003
 8.447E-0002 8.000E+0003 2.927E+0003
 1.011E-0001 7.999E+0003 2.927E+0003
 1.178E-0001 7.999E+0003 2.928E+0003
 1.344E-0001 7.998E+0003 2.927E+0003
 1.508E-0001 7.997E+0003 2.925E+0003
 1.670E-0001 7.995E+0003 2.920E+0003
 1.832E-0001 7.993E+0003 2.913E+0003
 1.991E-0001 7.991E+0003 2.904E+0003
 2.150E-0001 7.987E+0003 2.891E+0003
 2.306E-0001 7.983E+0003 2.873E+0003
 2.460E-0001 7.978E+0003 2.852E+0003
 2.613E-0001 7.972E+0003 2.826E+0003
 2.764E-0001 7.965E+0003 2.794E+0003
 2.912E-0001 7.957E+0003 2.757E+0003
 3.058E-0001 7.948E+0003 2.715E+0003
 3.202E-0001 7.937E+0003 2.667E+0003
 3.344E-0001 7.925E+0003 2.613E+0003
 3.484E-0001 7.912E+0003 2.553E+0003
 3.621E-0001 7.897E+0003 2.488E+0003
 3.756E-0001 7.881E+0003 2.417E+0003
 3.889E-0001 7.863E+0003 2.342E+0003
 4.019E-0001 7.843E+0003 2.261E+0003
 4.147E-0001 7.823E+0003 2.177E+0003
 4.272E-0001 7.800E+0003 2.089E+0003
 4.396E-0001 7.776E+0003 1.998E+0003
 4.516E-0001 7.750E+0003 1.905E+0003
 4.635E-0001 7.723E+0003 1.810E+0003
 4.751E-0001 7.694E+0003 1.714E+0003
 4.865E-0001 7.664E+0003 1.618E+0003
 4.976E-0001 7.632E+0003 1.521E+0003
 5.085E-0001 7.599E+0003 1.426E+0003
 5.192E-0001 7.564E+0003 1.332E+0003
 5.297E-0001 7.528E+0003 1.239E+0003
 5.400E-0001 7.490E+0003 1.149E+0003
 5.500E-0001 7.451E+0003 1.062E+0003
 5.598E-0001 7.411E+0003 9.781E+0002
 5.695E-0001 7.369E+0003 8.974E+0002
 5.789E-0001 7.326E+0003 8.203E+0002
 5.881E-0001 7.282E+0003 7.471E+0002
 5.971E-0001 7.237E+0003 6.779E+0002
 6.060E-0001 7.191E+0003 6.127E+0002
 6.146E-0001 7.144E+0003 5.516E+0002
 6.231E-0001 7.096E+0003 4.946E+0002
 6.314E-0001 7.047E+0003 4.416E+0002
 6.395E-0001 6.997E+0003 3.930E+0002
 6.474E-0001 6.946E+0003 3.561E+0002
 6.552E-0001 6.894E+0003 3.218E+0002
 6.628E-0001 6.842E+0003 2.900E+0002
 6.702E-0001 6.789E+0003 2.604E+0002
 6.775E-0001 6.736E+0003 2.332E+0002
 6.846E-0001 6.682E+0003 2.081E+0002
 6.916E-0001 6.627E+0003 1.850E+0002
 6.984E-0001 6.572E+0003 1.638E+0002
 7.051E-0001 6.517E+0003 1.445E+0002
 7.117E-0001 6.461E+0003 1.268E+0002
 7.181E-0001 6.405E+0003 1.108E+0002
 7.244E-0001 6.348E+0003 9.632E+0001
 7.305E-0001 6.291E+0003 8.314E+0001
 7.365E-0001 6.234E+0003 7.121E+0001
 7.424E-0001 6.177E+0003 6.041E+0001
 7.482E-0001 6.120E+0003 5.066E+0001
 7.539E-0001 6.062E+0003 4.183E+0001
 7.594E-0001 6.004E+0003 3.387E+0001
 7.649E-0001 5.946E+0003 2.946E+0001
 7.702E-0001 5.888E+0003 2.559E+0001
 7.754E-0001 5.831E+0003 2.209E+0001
 7.806E-0001 5.773E+0003 1.892E+0001
 7.856E-0001 5.715E+0003 1.581E+0001
 7.905E-0001 5.657E+0003 1.270E+0001
 7.954E-0001 5.599E+0003 9.818E+0000
 8.001E-0001 5.541E+0003 7.189E+0000
 8.047E-0001 5.484E+0003 4.769E+0000
 8.093E-0001 5.426E+0003 2.503E+0000
 8.138E-0001 5.369E+0003 3.558E-0001
 8.182E-0001 5.311E+0003-1.694E+0000
 8.225E-0001 5.254E+0003-3.659E+0000
 8.267E-0001 5.197E+0003-5.550E+0000
 8.309E-0001 5.141E+0003-7.375E+0000
 8.349E-0001 5.084E+0003-9.142E+0000
 8.389E-0001 5.028E+0003-1.085E+0001
 8.429E-0001 4.972E+0003-1.239E+0001
 8.467E-0001 4.916E+0003-1.376E+0001
 8.505E-0001 4.860E+0003-1.513E+0001
 8.542E-0001 4.805E+0003-1.648E+0001
 8.579E-0001 4.750E+0003-1.782E+0001
 8.615E-0001 4.695E+0003-1.915E+0001
 8.650E-0001 4.641E+0003-2.047E+0001
 8.685E-0001 4.586E+0003-2.178E+0001
 8.719E-0001 4.533E+0003-2.309E+0001
 8.752E-0001 4.479E+0003-2.440E+0001
 8.785E-0001 4.426E+0003-2.569E+0001
 8.818E-0001 4.373E+0003-2.699E+0001
 8.850E-0001 4.320E+0003-2.829E+0001
 8.881E-0001 4.268E+0003-2.958E+0001
 8.912E-0001 4.215E+0003-3.087E+0001
 8.942E-0001 4.164E+0003-3.216E+0001
 8.972E-0001 4.112E+0003-3.345E+0001
 9.001E-0001 4.061E+0003-3.474E+0001
 9.030E-0001 4.011E+0003-3.603E+0001
 9.058E-0001 3.960E+0003-3.734E+0001
 9.086E-0001 3.910E+0003-3.865E+0001
 9.114E-0001 3.860E+0003-3.997E+0001
 9.141E-0001 3.811E+0003-4.129E+0001
 9.168E-0001 3.762E+0003-4.261E+0001
 9.194E-0001 3.713E+0003-4.394E+0001
 9.220E-0001 3.665E+0003-4.528E+0001
 9.245E-0001 3.617E+0003-4.663E+0001
 9.270E-0001 3.569E+0003-4.798E+0001
 9.295E-0001 3.522E+0003-4.935E+0001
 9.319E-0001 3.475E+0003-5.072E+0001
 9.343E-0001 3.428E+0003-5.210E+0001
 9.366E-0001 3.382E+0003-5.350E+0001
 9.390E-0001 3.336E+0003-5.491E+0001
 9.413E-0001 3.290E+0003-5.634E+0001
 9.435E-0001 3.245E+0003-5.777E+0001
 9.457E-0001 3.200E+0003-5.923E+0001
 9.479E-0001 3.156E+0003-6.070E+0001
 9.501E-0001 3.111E+0003-6.219E+0001
 9.522E-0001 3.067E+0003-6.371E+0001
 9.543E-0001 3.024E+0003-6.524E+0001
 9.564E-0001 2.980E+0003-6.693E+0001
 9.584E-0001 2.937E+0003-6.883E+0001
 9.604E-0001 2.895E+0003-7.080E+0001
 9.624E-0001 2.853E+0003-7.286E+0001
 9.644E-0001 2.811E+0003-7.501E+0001
 9.663E-0001 2.769E+0003-7.727E+0001
 9.682E-0001 2.728E+0003-7.964E+0001
 9.701E-0001 2.687E+0003-8.213E+0001
 9.719E-0001 2.646E+0003-8.478E+0001
 9.738E-0001 2.605E+0003-8.758E+0001
 9.756E-0001 2.565E+0003-9.057E+0001
 9.773E-0001 2.526E+0003-9.376E+0001
 9.791E-0001 2.486E+0003-9.718E+0001
 9.808E-0001 2.447E+0003-1.008E+0002
 9.825E-0001 2.408E+0003-1.048E+0002
 9.842E-0001 2.370E+0003-1.091E+0002
 9.859E-0001 2.331E+0003-1.138E+0002
 9.875E-0001 2.293E+0003-1.189E+0002
 9.892E-0001 2.256E+0003-1.245E+0002
 9.908E-0001 2.218E+0003-1.308E+0002
 9.924E-0001 2.181E+0003-1.376E+0002
 9.939E-0001 2.144E+0003-1.451E+0002
 9.955E-0001 2.108E+0003-1.534E+0002
 9.970E-0001 2.072E+0003-1.627E+0002
 9.985E-0001 2.036E+0003-1.731E+0002
 1.000E+0000 2.000E+0003-1.848E+0002
             n=   8      R=0.350
     z           T          div F      
 0.000E+0000 8.000E+0003 2.779E+0003
 1.696E-0002 8.000E+0003 2.779E+0003
 3.390E-0002 8.000E+0003 2.780E+0003
 5.081E-0002 8.000E+0003 2.780E+0003
 6.767E-0002 8.000E+0003 2.781E+0003
 8.447E-0002 8.000E+0003 2.781E+0003
 1.011E-0001 8.000E+0003 2.782E+0003
 1.178E-0001 8.000E+0003 2.783E+0003
 1.344E-0001 8.000E+0003 2.785E+0003
 1.508E-0001 8.000E+0003 2.786E+0003
 1.670E-0001 8.000E+0003 2.788E+0003
 1.832E-0001 8.000E+0003 2.790E+0003
 1.991E-0001 8.000E+0003 2.792E+0003
 2.150E-0001 8.000E+0003 2.794E+0003
 2.306E-0001 8.000E+0003 2.796E+0003
 2.460E-0001 8.000E+0003 2.798E+0003
 2.613E-0001 8.000E+0003 2.801E+0003
 2.764E-0001 8.000E+0003 2.804E+0003
 2.912E-0001 8.000E+0003 2.806E+0003
 3.058E-0001 8.000E+0003 2.809E+0003
 3.202E-0001 7.999E+0003 2.812E+0003
 3.344E-0001 7.999E+0003 2.814E+0003
 3.484E-0001 7.999E+0003 2.816E+0003
 3.621E-0001 7.998E+0003 2.818E+0003
 3.756E-0001 7.998E+0003 2.820E+0003
 3.889E-0001 7.997E+0003 2.821E+0003
 4.019E-0001 7.996E+0003 2.821E+0003
 4.147E-0001 7.995E+0003 2.820E+0003
 4.272E-0001 7.993E+0003 2.818E+0003
 4.396E-0001 7.992E+0003 2.814E+0003
 4.516E-0001 7.990E+0003 2.809E+0003
 4.635E-0001 7.987E+0003 2.803E+0003
 4.751E-0001 7.984E+0003 2.794E+0003
 4.865E-0001 7.981E+0003 2.783E+0003
 4.976E-0001 7.977E+0003 2.769E+0003
 5.085E-0001 7.973E+0003 2.753E+0003
 5.192E-0001 7.968E+0003 2.734E+0003
 5.297E-0001 7.963E+0003 2.712E+0003
 5.400E-0001 7.957E+0003 2.687E+0003
 5.500E-0001 7.950E+0003 2.658E+0003
 5.598E-0001 7.942E+0003 2.626E+0003
 5.695E-0001 7.934E+0003 2.590E+0003
 5.789E-0001 7.924E+0003 2.550E+0003
 5.881E-0001 7.914E+0003 2.507E+0003
 5.971E-0001 7.903E+0003 2.460E+0003
 6.060E-0001 7.891E+0003 2.409E+0003
 6.146E-0001 7.878E+0003 2.354E+0003
 6.231E-0001 7.864E+0003 2.295E+0003
 6.314E-0001 7.848E+0003 2.234E+0003
 6.395E-0001 7.832E+0003 2.169E+0003
 6.474E-0001 7.815E+0003 2.101E+0003
 6.552E-0001 7.796E+0003 2.030E+0003
 6.628E-0001 7.777E+0003 1.956E+0003
 6.702E-0001 7.756E+0003 1.881E+0003
 6.775E-0001 7.734E+0003 1.803E+0003
 6.846E-0001 7.710E+0003 1.724E+0003
 6.916E-0001 7.686E+0003 1.644E+0003
 6.984E-0001 7.660E+0003 1.563E+0003
 7.051E-0001 7.633E+0003 1.482E+0003
 7.117E-0001 7.605E+0003 1.400E+0003
 7.181E-0001 7.576E+0003 1.319E+0003
 7.244E-0001 7.545E+0003 1.239E+0003
 7.305E-0001 7.513E+0003 1.160E+0003
 7.365E-0001 7.480E+0003 1.082E+0003
 7.424E-0001 7.446E+0003 1.005E+0003
 7.482E-0001 7.411E+0003 9.306E+0002
 7.539E-0001 7.374E+0003 8.584E+0002
 7.594E-0001 7.336E+0003 7.885E+0002
 7.649E-0001 7.297E+0003 7.213E+0002
 7.702E-0001 7.257E+0003 6.569E+0002
 7.754E-0001 7.216E+0003 5.954E+0002
 7.806E-0001 7.173E+0003 5.370E+0002
 7.856E-0001 7.130E+0003 4.816E+0002
 7.905E-0001 7.085E+0003 4.294E+0002
 7.954E-0001 7.039E+0003 3.804E+0002
 8.001E-0001 6.992E+0003 3.358E+0002
 8.047E-0001 6.945E+0003 3.007E+0002
 8.093E-0001 6.896E+0003 2.678E+0002
 8.138E-0001 6.846E+0003 2.370E+0002
 8.182E-0001 6.795E+0003 2.081E+0002
 8.225E-0001 6.743E+0003 1.812E+0002
 8.267E-0001 6.691E+0003 1.562E+0002
 8.309E-0001 6.637E+0003 1.330E+0002
 8.349E-0001 6.583E+0003 1.114E+0002
 8.389E-0001 6.528E+0003 9.169E+0001
 8.429E-0001 6.472E+0003 7.351E+0001
 8.467E-0001 6.415E+0003 5.685E+0001
 8.505E-0001 6.357E+0003 4.166E+0001
 8.542E-0001 6.299E+0003 2.785E+0001
 8.579E-0001 6.240E+0003 1.533E+0001
 8.615E-0001 6.180E+0003 4.048E+0000
 8.650E-0001 6.119E+0003-6.103E+0000
 8.685E-0001 6.058E+0003-1.520E+0001
 8.719E-0001 5.996E+0003-2.306E+0001
 8.752E-0001 5.934E+0003-2.723E+0001
 8.785E-0001 5.871E+0003-3.114E+0001
 8.818E-0001 5.807E+0003-3.474E+0001
 8.850E-0001 5.743E+0003-3.869E+0001
 8.881E-0001 5.678E+0003-4.276E+0001
 8.912E-0001 5.613E+0003-4.646E+0001
 8.942E-0001 5.547E+0003-4.982E+0001
 8.972E-0001 5.481E+0003-5.295E+0001
 9.001E-0001 5.414E+0003-5.597E+0001
 9.030E-0001 5.347E+0003-5.890E+0001
 9.058E-0001 5.280E+0003-6.177E+0001
 9.086E-0001 5.212E+0003-6.460E+0001
 9.114E-0001 5.144E+0003-6.739E+0001
 9.141E-0001 5.075E+0003-7.017E+0001
 9.168E-0001 5.007E+0003-7.293E+0001
 9.194E-0001 4.937E+0003-7.549E+0001
 9.220E-0001 4.868E+0003-7.807E+0001
 9.245E-0001 4.798E+0003-8.070E+0001
 9.270E-0001 4.728E+0003-8.337E+0001
 9.295E-0001 4.658E+0003-8.611E+0001
 9.319E-0001 4.587E+0003-8.892E+0001
 9.343E-0001 4.517E+0003-9.180E+0001
 9.366E-0001 4.446E+0003-9.475E+0001
 9.390E-0001 4.375E+0003-9.779E+0001
 9.413E-0001 4.303E+0003-1.009E+0002
 9.435E-0001 4.232E+0003-1.041E+0002
 9.457E-0001 4.160E+0003-1.074E+0002
 9.479E-0001 4.089E+0003-1.109E+0002
 9.501E-0001 4.017E+0003-1.144E+0002
 9.522E-0001 3.945E+0003-1.182E+0002
 9.543E-0001 3.873E+0003-1.220E+0002
 9.564E-0001 3.801E+0003-1.261E+0002
 9.584E-0001 3.729E+0003-1.303E+0002
 9.604E-0001 3.656E+0003-1.346E+0002
 9.624E-0001 3.584E+0003-1.392E+0002
 9.644E-0001 3.512E+0003-1.439E+0002
 9.663E-0001 3.439E+0003-1.489E+0002
 9.682E-0001 3.367E+0003-1.540E+0002
 9.701E-0001 3.295E+0003-1.595E+0002
 9.719E-0001 3.222E+0003-1.651E+0002
 9.738E-0001 3.150E+0003-1.711E+0002
 9.756E-0001 3.078E+0003-1.774E+0002
 9.773E-0001 3.005E+0003-1.841E+0002
 9.791E-0001 2.933E+0003-1.920E+0002
 9.808E-0001 2.861E+0003-2.006E+0002
 9.825E-0001 2.789E+0003-2.101E+0002
 9.842E-0001 2.716E+0003-2.205E+0002
 9.859E-0001 2.644E+0003-2.320E+0002
 9.875E-0001 2.572E+0003-2.449E+0002
 9.892E-0001 2.500E+0003-2.594E+0002
 9.908E-0001 2.429E+0003-2.760E+0002
 9.924E-0001 2.357E+0003-2.951E+0002
 9.939E-0001 2.285E+0003-3.175E+0002
 9.955E-0001 2.214E+0003-3.439E+0002
 9.970E-0001 2.142E+0003-3.757E+0002
 9.985E-0001 2.071E+0003-4.146E+0002
 1.000E+0000 2.000E+0003-4.627E+0002
             n=   4      R=0.350
     z           T          div F      
 0.000E+0000 1.000E+0004 5.268E+0004
 1.696E-0002 1.000E+0004 5.268E+0004
 3.390E-0002 1.000E+0004 5.270E+0004
 5.081E-0002 1.000E+0004 5.273E+0004
 6.767E-0002 1.000E+0004 5.277E+0004
 8.447E-0002 1.000E+0004 5.281E+0004
 1.011E-0001 9.999E+0003 5.284E+0004
 1.178E-0001 9.998E+0003 5.287E+0004
 1.344E-0001 9.997E+0003 5.289E+0004
 1.508E-0001 9.996E+0003 5.288E+0004
 1.670E-0001 9.994E+0003 5.284E+0004
 1.832E-0001 9.991E+0003 5.275E+0004
 1.991E-0001 9.987E+0003 5.262E+0004
 2.150E-0001 9.983E+0003 5.243E+0004
 2.306E-0001 9.977E+0003 5.218E+0004
 2.460E-0001 9.971E+0003 5.184E+0004
 2.613E-0001 9.963E+0003 5.142E+0004
 2.764E-0001 9.953E+0003 5.092E+0004
 2.912E-0001 9.942E+0003 5.031E+0004
 3.058E-0001 9.930E+0003 4.961E+0004
 3.202E-0001 9.916E+0003 4.880E+0004
 3.344E-0001 9.900E+0003 4.788E+0004
 3.484E-0001 9.882E+0003 4.686E+0004
 3.621E-0001 9.862E+0003 4.574E+0004
 3.756E-0001 9.841E+0003 4.452E+0004
 3.889E-0001 9.817E+0003 4.320E+0004
 4.019E-0001 9.791E+0003 4.179E+0004
 4.147E-0001 9.763E+0003 4.031E+0004
 4.272E-0001 9.733E+0003 3.875E+0004
 4.396E-0001 9.701E+0003 3.713E+0004
 4.516E-0001 9.667E+0003 3.546E+0004
 4.635E-0001 9.631E+0003 3.375E+0004
 4.751E-0001 9.592E+0003 3.202E+0004
 4.865E-0001 9.552E+0003 3.027E+0004
 4.976E-0001 9.509E+0003 2.852E+0004
 5.085E-0001 9.465E+0003 2.677E+0004
 5.192E-0001 9.418E+0003 2.505E+0004
 5.297E-0001 9.370E+0003 2.335E+0004
 5.400E-0001 9.320E+0003 2.169E+0004
 5.500E-0001 9.268E+0003 2.008E+0004
 5.598E-0001 9.214E+0003 1.852E+0004
 5.695E-0001 9.159E+0003 1.702E+0004
 5.789E-0001 9.102E+0003 1.559E+0004
 5.881E-0001 9.043E+0003 1.422E+0004
 5.971E-0001 8.983E+0003 1.289E+0004
 6.060E-0001 8.921E+0003 1.156E+0004
 6.146E-0001 8.858E+0003 1.033E+0004
 6.231E-0001 8.794E+0003 9.187E+0003
 6.314E-0001 8.729E+0003 8.133E+0003
 6.395E-0001 8.662E+0003 7.166E+0003
 6.474E-0001 8.595E+0003 6.283E+0003
 6.552E-0001 8.526E+0003 5.480E+0003
 6.628E-0001 8.456E+0003 4.754E+0003
 6.702E-0001 8.386E+0003 4.099E+0003
 6.775E-0001 8.315E+0003 3.511E+0003
 6.846E-0001 8.243E+0003 2.986E+0003
 6.916E-0001 8.170E+0003 2.518E+0003
 6.984E-0001 8.096E+0003 2.105E+0003
 7.051E-0001 8.022E+0003 1.739E+0003
 7.117E-0001 7.948E+0003 1.408E+0003
 7.181E-0001 7.873E+0003 1.112E+0003
 7.244E-0001 7.798E+0003 8.546E+0002
 7.305E-0001 7.722E+0003 6.300E+0002
 7.365E-0001 7.646E+0003 4.353E+0002
 7.424E-0001 7.569E+0003 2.671E+0002
 7.482E-0001 7.493E+0003 1.227E+0002
 7.539E-0001 7.416E+0003-6.964E-0001
 7.594E-0001 7.339E+0003-1.056E+0002
 7.649E-0001 7.262E+0003-1.942E+0002
 7.702E-0001 7.185E+0003-2.686E+0002
 7.754E-0001 7.107E+0003-3.306E+0002
 7.806E-0001 7.030E+0003-3.819E+0002
 7.856E-0001 6.953E+0003-4.243E+0002
 7.905E-0001 6.876E+0003-4.608E+0002
 7.954E-0001 6.799E+0003-4.923E+0002
 8.001E-0001 6.722E+0003-5.195E+0002
 8.047E-0001 6.645E+0003-5.431E+0002
 8.093E-0001 6.568E+0003-5.636E+0002
 8.138E-0001 6.491E+0003-5.812E+0002
 8.182E-0001 6.415E+0003-5.965E+0002
 8.225E-0001 6.339E+0003-6.097E+0002
 8.267E-0001 6.263E+0003-6.210E+0002
 8.309E-0001 6.188E+0003-6.307E+0002
 8.349E-0001 6.112E+0003-6.390E+0002
 8.389E-0001 6.037E+0003-6.460E+0002
 8.429E-0001 5.962E+0003-6.532E+0002
 8.467E-0001 5.888E+0003-6.613E+0002
 8.505E-0001 5.814E+0003-6.696E+0002
 8.542E-0001 5.740E+0003-6.786E+0002
 8.579E-0001 5.667E+0003-6.883E+0002
 8.615E-0001 5.594E+0003-6.980E+0002
 8.650E-0001 5.521E+0003-7.076E+0002
 8.685E-0001 5.449E+0003-7.175E+0002
 8.719E-0001 5.377E+0003-7.276E+0002
 8.752E-0001 5.305E+0003-7.380E+0002
 8.785E-0001 5.234E+0003-7.487E+0002
 8.818E-0001 5.163E+0003-7.598E+0002
 8.850E-0001 5.093E+0003-7.712E+0002
 8.881E-0001 5.023E+0003-7.830E+0002
 8.912E-0001 4.954E+0003-7.957E+0002
 8.942E-0001 4.885E+0003-8.090E+0002
 8.972E-0001 4.816E+0003-8.227E+0002
 9.001E-0001 4.748E+0003-8.369E+0002
 9.030E-0001 4.681E+0003-8.516E+0002
 9.058E-0001 4.614E+0003-8.668E+0002
 9.086E-0001 4.547E+0003-8.825E+0002
 9.114E-0001 4.481E+0003-8.987E+0002
 9.141E-0001 4.415E+0003-9.154E+0002
 9.168E-0001 4.349E+0003-9.327E+0002
 9.194E-0001 4.284E+0003-9.506E+0002
 9.220E-0001 4.220E+0003-9.690E+0002
 9.245E-0001 4.156E+0003-9.881E+0002
 9.270E-0001 4.092E+0003-1.007E+0003
 9.295E-0001 4.029E+0003-1.028E+0003
 9.319E-0001 3.967E+0003-1.049E+0003
 9.343E-0001 3.904E+0003-1.072E+0003
 9.366E-0001 3.843E+0003-1.095E+0003
 9.390E-0001 3.781E+0003-1.118E+0003
 9.413E-0001 3.721E+0003-1.143E+0003
 9.435E-0001 3.660E+0003-1.168E+0003
 9.457E-0001 3.600E+0003-1.195E+0003
 9.479E-0001 3.541E+0003-1.222E+0003
 9.501E-0001 3.482E+0003-1.250E+0003
 9.522E-0001 3.423E+0003-1.279E+0003
 9.543E-0001 3.365E+0003-1.309E+0003
 9.564E-0001 3.307E+0003-1.341E+0003
 9.584E-0001 3.250E+0003-1.373E+0003
 9.604E-0001 3.193E+0003-1.407E+0003
 9.624E-0001 3.137E+0003-1.442E+0003
 9.644E-0001 3.081E+0003-1.478E+0003
 9.663E-0001 3.025E+0003-1.516E+0003
 9.682E-0001 2.970E+0003-1.559E+0003
 9.701E-0001 2.915E+0003-1.607E+0003
 9.719E-0001 2.861E+0003-1.660E+0003
 9.738E-0001 2.807E+0003-1.715E+0003
 9.756E-0001 2.754E+0003-1.775E+0003
 9.773E-0001 2.701E+0003-1.840E+0003
 9.791E-0001 2.648E+0003-1.910E+0003
 9.808E-0001 2.596E+0003-1.986E+0003
 9.825E-0001 2.544E+0003-2.068E+0003
 9.842E-0001 2.493E+0003-2.159E+0003
 9.859E-0001 2.442E+0003-2.260E+0003
 9.875E-0001 2.391E+0003-2.371E+0003
 9.892E-0001 2.341E+0003-2.495E+0003
 9.908E-0001 2.291E+0003-2.634E+0003
 9.924E-0001 2.242E+0003-2.790E+0003
 9.939E-0001 2.193E+0003-2.967E+0003
 9.955E-0001 2.144E+0003-3.170E+0003
 9.970E-0001 2.096E+0003-3.402E+0003
 9.985E-0001 2.048E+0003-3.669E+0003
 1.000E+0000 2.000E+0003-3.979E+0003
             n=   8      R=0.350
     z           T          div F      
 0.000E+0000 1.000E+0004 4.770E+0004
 1.696E-0002 1.000E+0004 4.770E+0004
 3.390E-0002 1.000E+0004 4.771E+0004
 5.081E-0002 1.000E+0004 4.772E+0004
 6.767E-0002 1.000E+0004 4.774E+0004
 8.447E-0002 1.000E+0004 4.777E+0004
 1.011E-0001 1.000E+0004 4.780E+0004
 1.178E-0001 1.000E+0004 4.783E+0004
 1.344E-0001 1.000E+0004 4.787E+0004
 1.508E-0001 1.000E+0004 4.792E+0004
 1.670E-0001 1.000E+0004 4.797E+0004
 1.832E-0001 1.000E+0004 4.803E+0004
 1.991E-0001 1.000E+0004 4.809E+0004
 2.150E-0001 1.000E+0004 4.816E+0004
 2.306E-0001 1.000E+0004 4.824E+0004
 2.460E-0001 1.000E+0004 4.831E+0004
 2.613E-0001 1.000E+0004 4.840E+0004
 2.764E-0001 1.000E+0004 4.848E+0004
 2.912E-0001 1.000E+0004 4.857E+0004
 3.058E-0001 9.999E+0003 4.866E+0004
 3.202E-0001 9.999E+0003 4.875E+0004
 3.344E-0001 9.999E+0003 4.884E+0004
 3.484E-0001 9.998E+0003 4.892E+0004
 3.621E-0001 9.998E+0003 4.901E+0004
 3.756E-0001 9.997E+0003 4.908E+0004
 3.889E-0001 9.996E+0003 4.914E+0004
 4.019E-0001 9.995E+0003 4.920E+0004
 4.147E-0001 9.993E+0003 4.923E+0004
 4.272E-0001 9.991E+0003 4.925E+0004
 4.396E-0001 9.989E+0003 4.924E+0004
 4.516E-0001 9.986E+0003 4.921E+0004
 4.635E-0001 9.983E+0003 4.915E+0004
 4.751E-0001 9.979E+0003 4.905E+0004
 4.865E-0001 9.975E+0003 4.891E+0004
 4.976E-0001 9.970E+0003 4.874E+0004
 5.085E-0001 9.964E+0003 4.851E+0004
 5.192E-0001 9.958E+0003 4.823E+0004
 5.297E-0001 9.950E+0003 4.790E+0004
 5.400E-0001 9.942E+0003 4.751E+0004
 5.500E-0001 9.933E+0003 4.706E+0004
 5.598E-0001 9.923E+0003 4.655E+0004
 5.695E-0001 9.912E+0003 4.597E+0004
 5.789E-0001 9.899E+0003 4.532E+0004
 5.881E-0001 9.885E+0003 4.460E+0004
 5.971E-0001 9.871E+0003 4.382E+0004
 6.060E-0001 9.855E+0003 4.296E+0004
 6.146E-0001 9.837E+0003 4.204E+0004
 6.231E-0001 9.818E+0003 4.105E+0004
 6.314E-0001 9.798E+0003 4.000E+0004
 6.395E-0001 9.776E+0003 3.888E+0004
 6.474E-0001 9.753E+0003 3.771E+0004
 6.552E-0001 9.728E+0003 3.648E+0004
 6.628E-0001 9.702E+0003 3.521E+0004
 6.702E-0001 9.674E+0003 3.389E+0004
 6.775E-0001 9.645E+0003 3.254E+0004
 6.846E-0001 9.614E+0003 3.115E+0004
 6.916E-0001 9.581E+0003 2.974E+0004
 6.984E-0001 9.547E+0003 2.832E+0004
 7.051E-0001 9.511E+0003 2.688E+0004
 7.117E-0001 9.474E+0003 2.543E+0004
 7.181E-0001 9.434E+0003 2.399E+0004
 7.244E-0001 9.394E+0003 2.256E+0004
 7.305E-0001 9.351E+0003 2.114E+0004
 7.365E-0001 9.307E+0003 1.975E+0004
 7.424E-0001 9.261E+0003 1.838E+0004
 7.482E-0001 9.214E+0003 1.705E+0004
 7.539E-0001 9.165E+0003 1.575E+0004
 7.594E-0001 9.115E+0003 1.450E+0004
 7.649E-0001 9.063E+0003 1.329E+0004
 7.702E-0001 9.009E+0003 1.213E+0004
 7.754E-0001 8.954E+0003 1.094E+0004
 7.806E-0001 8.897E+0003 9.809E+0003
 7.856E-0001 8.839E+0003 8.742E+0003
 7.905E-0001 8.780E+0003 7.745E+0003
 7.954E-0001 8.719E+0003 6.817E+0003
 8.001E-0001 8.657E+0003 5.957E+0003
 8.047E-0001 8.593E+0003 5.164E+0003
 8.093E-0001 8.528E+0003 4.437E+0003
 8.138E-0001 8.461E+0003 3.773E+0003
 8.182E-0001 8.394E+0003 3.169E+0003
 8.225E-0001 8.325E+0003 2.624E+0003
 8.267E-0001 8.254E+0003 2.134E+0003
 8.309E-0001 8.183E+0003 1.696E+0003
 8.349E-0001 8.111E+0003 1.306E+0003
 8.389E-0001 8.037E+0003 9.620E+0002
 8.429E-0001 7.962E+0003 6.483E+0002
 8.467E-0001 7.886E+0003 3.623E+0002
 8.505E-0001 7.809E+0003 1.123E+0002
 8.542E-0001 7.732E+0003-1.049E+0002
 8.579E-0001 7.653E+0003-2.924E+0002
 8.615E-0001 7.573E+0003-4.530E+0002
 8.650E-0001 7.492E+0003-5.893E+0002
 8.685E-0001 7.411E+0003-7.039E+0002
 8.719E-0001 7.328E+0003-7.992E+0002
 8.752E-0001 7.245E+0003-8.774E+0002
 8.785E-0001 7.161E+0003-9.406E+0002
 8.818E-0001 7.076E+0003-9.908E+0002
 8.850E-0001 6.990E+0003-1.031E+0003
 8.881E-0001 6.904E+0003-1.076E+0003
 8.912E-0001 6.817E+0003-1.114E+0003
 8.942E-0001 6.730E+0003-1.148E+0003
 8.972E-0001 6.641E+0003-1.178E+0003
 9.001E-0001 6.553E+0003-1.204E+0003
 9.030E-0001 6.463E+0003-1.227E+0003
 9.058E-0001 6.373E+0003-1.248E+0003
 9.086E-0001 6.283E+0003-1.267E+0003
 9.114E-0001 6.192E+0003-1.284E+0003
 9.141E-0001 6.101E+0003-1.300E+0003
 9.168E-0001 6.009E+0003-1.313E+0003
 9.194E-0001 5.916E+0003-1.332E+0003
 9.220E-0001 5.824E+0003-1.354E+0003
 9.245E-0001 5.731E+0003-1.379E+0003
 9.270E-0001 5.637E+0003-1.405E+0003
 9.295E-0001 5.544E+0003-1.432E+0003
 9.319E-0001 5.450E+0003-1.460E+0003
 9.343E-0001 5.355E+0003-1.491E+0003
 9.366E-0001 5.261E+0003-1.523E+0003
 9.390E-0001 5.166E+0003-1.557E+0003
 9.413E-0001 5.071E+0003-1.592E+0003
 9.435E-0001 4.976E+0003-1.631E+0003
 9.457E-0001 4.880E+0003-1.674E+0003
 9.479E-0001 4.785E+0003-1.719E+0003
 9.501E-0001 4.689E+0003-1.767E+0003
 9.522E-0001 4.593E+0003-1.817E+0003
 9.543E-0001 4.497E+0003-1.871E+0003
 9.564E-0001 4.401E+0003-1.928E+0003
 9.584E-0001 4.305E+0003-1.989E+0003
 9.604E-0001 4.208E+0003-2.054E+0003
 9.624E-0001 4.112E+0003-2.123E+0003
 9.644E-0001 4.016E+0003-2.196E+0003
 9.663E-0001 3.919E+0003-2.276E+0003
 9.682E-0001 3.823E+0003-2.361E+0003
 9.701E-0001 3.726E+0003-2.452E+0003
 9.719E-0001 3.630E+0003-2.550E+0003
 9.738E-0001 3.533E+0003-2.656E+0003
 9.756E-0001 3.437E+0003-2.769E+0003
 9.773E-0001 3.340E+0003-2.891E+0003
 9.791E-0001 3.244E+0003-3.023E+0003
 9.808E-0001 3.148E+0003-3.165E+0003
 9.825E-0001 3.051E+0003-3.320E+0003
 9.842E-0001 2.955E+0003-3.499E+0003
 9.859E-0001 2.859E+0003-3.714E+0003
 9.875E-0001 2.763E+0003-3.958E+0003
 9.892E-0001 2.667E+0003-4.238E+0003
 9.908E-0001 2.572E+0003-4.565E+0003
 9.924E-0001 2.476E+0003-4.951E+0003
 9.939E-0001 2.380E+0003-5.417E+0003
 9.955E-0001 2.285E+0003-5.990E+0003
 9.970E-0001 2.190E+0003-6.711E+0003
 9.985E-0001 2.095E+0003-7.641E+0003
 1.000E+0000 2.000E+0003-8.874E+0003
