0.100000	 0.373698	 0.390579	 0.386386	 0.367195	 0.355557	 0.345843	
0.200000	 0.406672	 0.363628	 0.372215	 0.374500	 0.380039	
0.300000	 0.369479	 0.402044	 0.365370	 0.371836	 0.336460	 0.373378	
0.400000	 0.375331	 0.385271	 0.382232	 0.397071	 0.333675	 0.406827	 0.365393	
0.500000	 0.381183	 0.405171	 0.420564	 0.390890	 0.380737	 0.367031	
0.600000	 0.387035	 0.425072	 0.453595	 0.396082	 0.382664	
0.700000	 0.392887	 0.470926	 0.444973	 0.516300	 0.411426	 0.393700	
0.800000	 0.398738	 0.663670	 0.464873	 0.579005	 0.426770	 0.391967	
0.900000	 0.404590	 0.856415	 0.484774	 0.641710	 0.442114	 0.404337	
1.000000	 0.410442	 1.049159	 0.504675	 0.704415	 0.435377	
1.500000	 0.439701	 2.012881	 1.017940	 0.544854	