0.100000	 0.372960	 0.389611	 0.385671	 0.366822	 0.355340	 0.345509	
0.200000	 0.405954	 0.363564	 0.371625	 0.373508	 0.379394	
0.300000	 0.369360	 0.401204	 0.364757	 0.371074	 0.336645	 0.372354	
0.400000	 0.375156	 0.384461	 0.380655	 0.396098	 0.333905	 0.405588	 0.364779	
0.500000	 0.380951	 0.404165	 0.418793	 0.387060	 0.379987	 0.366242	
0.600000	 0.386747	 0.423869	 0.448990	 0.395194	 0.381749	
0.700000	 0.392543	 0.455652	 0.443573	 0.510920	 0.410401	 0.394232	
0.800000	 0.398339	 0.646194	 0.463277	 0.572850	 0.425608	 0.391185	
0.900000	 0.404134	 0.836736	 0.482981	 0.634779	 0.440815	 0.401331	
1.000000	 0.409930	 1.027278	 0.502685	 0.696709	 0.431995	
1.500000	 0.438909	 1.979989	 1.006358	 0.545265	