0.343675660587905
0.334280089191452
0.339416294991679
0.383172139663657
0.402311988182191
0.388537514481868
0.339721243108215
0.402813469008834
0.425241768425622
0.415805953707604
0.340040706760192
0.390880136365013
0.416551015405275
0.398128772758355
0.338093611389922
0.387348482945526
0.410186402405088
0.391325079363014
0.338222515892994
0.335835998157563
0.390332551432948
0.415082150539092
0.3923125741494
0.339174001965148
0.352925814695482
0.43173141511943
0.433275251452869
0.431655495958694
0.414981242101931
0.340477173267573
0.358512862476346
0.5
0.5
0.5
0.380292570298479
2.74592195182777
2.33007770202676
2.70061978426384
0.368383639397507
0.353050211742811
0.404529663683206
0.404464143684891
0.404476325456926
0.35762868810707
0.402511458560184
0.34792182759702
0.553775757907715
0.64965639012371
0.738003457627201
0.743241108466464
0.734196298253664
0.361155406608304
0.426186211370805
0.414482487940404
0.426623199928144
0.350104822246067
0.397455979509687
0.39758731782058
0.396938786252576
0.366129409485438
0.376507204236987
0.377113969989296
0.37599674124067
0.337466092787508
0.333441094880982
1.12359166723763
0.5
0.5
0.5
0.356371306224901
0.425182432991278
0.41459695330559
0.422976686422771
0.352522883076745
0.448582030912803
0.449941914666852
0.448822645012115
0.352435451532074
0.394952815440774
0.393696062928939
0.394710904402018
0.389738655030669
0.399250519876659
0.398769204366545
0.396678023207642
0.548274575521646
0.5
0.5
0.5
0.995980714833422
0.428767422818055
0.423251866777719
0.42329474217695
0.333834034790925
0.395836616917222
0.397413584323658
0.396634660319251
0.335269261086069
0.408628427067015
0.408930628509552
0.408033521125617
0.337915315867576
0.339756411449343
0.3397765203772
0.338758299221809
0.342395042935095
0.341812657097762
0.340972160302044
0.339698352945561
0.342799880854727
0.342585611178947
0.375910024558834
0.335990001076425
0.356348501554749
0.390837069971894
0.355624678377353
0.381247834411624
0.341600211868354
0.388113353437802
0.33589404210943
0.335492140038696
0.332425755004806
0.331229998664639
0.33022500883817
0.323699662658328
0.27243976455793
9.09494701772928E-10
999.999999999091
0.5
0.5
0.5
0.5
9.09494701772928E-10
9.09494701772928E-10
9.09494701772928E-10
9.09494701772928E-10
9.09494701772928E-10
9.09494701772928E-10
9.09494701772928E-10
9.09494701772928E-10
9.09494701772928E-10
0.5
0.5
0.5
0.5
999.999999999091
9.09494701772928E-10
0.202387670469761
0.125174207823875
9.09494701772928E-10
9.09494701772928E-10
0.5
0.5
9.09494701772928E-10
9.09494701772928E-10
9.09494701772928E-10
9.09494701772928E-10
9.09494701772928E-10
9.09494701772928E-10
9.09494701772928E-10
9.09494701772928E-10
9.09494701772928E-10
9.09494701772928E-10
9.09494701772928E-10
0.5
0.5
9.09494701772928E-10
9.09494701772928E-10
9.09494701772928E-10
999.999999999091
0.5
0.5
9.09494701772928E-10
9.09494701772928E-10
9.09494701772928E-10
9.09494701772928E-10
9.09494701772928E-10
0.5
0.5
999.999999999091
0.159149015416915
999.999999999091
0.5
9.09494701772928E-10
9.09494701772928E-10
9.09494701772928E-10
9.09494701772928E-10
9.09494701772928E-10
9.09494701772928E-10
0.5
0.5
0.5
9.09494701772928E-10
